(20) 
0 ->( 2, 3.68 ),( 4, 7.73 ),( 5, 7.31 ),( 7, 9.80 ),( 8, 5.50 ),( 10, 1.39 ),( 14, 0.46 ),( 15, 1.15 ),( 16, 5.80 ),( 18, 2.36 ),( 19, 0.76 );
1 ->( 1, 4.53 ),( 2, 8.53 ),( 4, 9.79 ),( 5, 8.35 ),( 6, 4.04 ),( 7, 6.67 ),( 8, 6.24 ),( 10, 4.33 ),( 12, 4.79 ),( 14, 6.32 ),( 15, 3.31 ),( 17, 7.76 ),( 18, 5.42 );
2 ->( 0, 8.80 ),( 2, 9.91 ),( 4, 8.26 ),( 7, 4.86 ),( 8, 6.30 ),( 9, 5.40 ),( 10, 9.12 ),( 12, 6.68 ),( 13, 1.74 ),( 14, 4.51 ),( 15, 5.76 ),( 16, 1.28 ),( 17, 0.97 ),( 18, 9.99 );
3 ->( 2, 3.42 ),( 4, 3.31 ),( 8, 1.20 ),( 9, 5.14 ),( 10, 9.74 ),( 11, 6.99 ),( 12, 2.29 ),( 14, 3.42 ),( 15, 7.72 ),( 16, 3.97 ),( 18, 3.95 );
4 ->( 1, 2.13 ),( 2, 2.00 ),( 3, 4.97 ),( 4, 3.83 ),( 5, 4.71 ),( 6, 3.60 ),( 8, 3.35 ),( 9, 2.32 ),( 10, 2.70 ),( 14, 7.45 ),( 15, 6.09 ),( 17, 0.04 ),( 18, 9.73 ),( 19, 5.16 );
5 ->( 0, 5.89 ),( 1, 6.36 ),( 3, 7.95 ),( 4, 9.56 ),( 5, 0.66 ),( 6, 4.90 ),( 7, 7.21 ),( 9, 6.55 ),( 14, 4.77 ),( 15, 2.22 ),( 16, 5.56 ),( 17, 8.69 ),( 18, 3.35 ),( 19, 1.43 );
6 ->( 1, 5.96 ),( 3, 5.52 ),( 5, 0.41 ),( 6, 3.20 ),( 8, 6.97 ),( 9, 2.21 ),( 11, 8.59 ),( 14, 9.80 ),( 15, 6.66 ),( 16, 1.12 ),( 18, 5.70 );
7 ->( 0, 6.37 ),( 1, 2.45 ),( 3, 1.66 ),( 5, 5.76 ),( 6, 8.33 ),( 8, 2.51 ),( 9, 7.01 ),( 10, 9.84 ),( 11, 2.98 ),( 12, 4.39 ),( 13, 7.61 ),( 16, 1.23 ),( 17, 3.79 );
8 ->( 4, 6.44 ),( 6, 9.63 ),( 8, 9.79 ),( 9, 6.20 ),( 11, 6.04 ),( 12, 8.75 ),( 14, 4.16 ),( 15, 1.91 ),( 16, 9.58 ),( 17, 2.92 ),( 18, 9.17 ),( 19, 1.93 );
9 ->( 2, 7.79 ),( 3, 0.36 ),( 4, 4.04 ),( 7, 8.67 ),( 8, 0.63 ),( 9, 0.87 ),( 10, 3.20 ),( 14, 9.71 ),( 16, 2.85 ),( 17, 5.38 ),( 18, 2.49 );
10 ->( 1, 8.11 ),( 3, 8.47 ),( 4, 8.91 ),( 7, 5.40 ),( 8, 3.37 ),( 10, 5.39 ),( 11, 3.32 ),( 12, 0.41 ),( 13, 2.89 ),( 16, 9.43 ),( 17, 7.75 ),( 18, 0.48 );
11 ->( 0, 8.59 ),( 1, 7.24 ),( 5, 5.82 ),( 8, 2.25 ),( 10, 7.64 ),( 11, 9.21 ),( 12, 2.48 ),( 13, 3.70 ),( 14, 2.75 ),( 16, 5.92 ),( 18, 6.40 ),( 19, 4.66 );
12 ->( 0, 9.51 ),( 1, 2.04 ),( 2, 8.04 ),( 3, 1.36 ),( 5, 1.79 ),( 7, 7.68 ),( 13, 1.34 ),( 15, 0.78 ),( 17, 7.97 ),( 18, 6.93 ),( 19, 6.84 );
13 ->( 0, 2.09 ),( 2, 7.64 ),( 6, 4.79 ),( 7, 2.89 ),( 11, 5.35 ),( 13, 7.21 ),( 15, 1.83 ),( 17, 2.36 ),( 19, 9.29 );
14 ->( 0, 2.00 ),( 1, 2.11 ),( 2, 5.16 ),( 5, 8.75 ),( 6, 9.73 ),( 8, 8.56 ),( 10, 3.50 ),( 11, 1.15 ),( 13, 9.83 ),( 14, 2.40 ),( 16, 4.76 ),( 19, 6.74 );
15 ->( 0, 5.27 ),( 2, 0.43 ),( 5, 7.35 ),( 7, 6.89 ),( 8, 3.66 ),( 9, 7.63 ),( 13, 8.81 ),( 15, 1.21 ),( 18, 4.62 ),( 19, 0.03 );
16 ->( 0, 5.92 ),( 1, 0.21 ),( 3, 8.81 ),( 4, 1.09 ),( 6, 6.19 ),( 7, 8.93 ),( 13, 1.20 ),( 14, 3.94 ),( 15, 6.21 ),( 16, 2.92 ),( 17, 6.45 ),( 19, 7.81 );
17 ->( 0, 7.51 ),( 2, 3.23 ),( 5, 2.99 ),( 6, 0.51 ),( 8, 0.35 ),( 9, 7.39 ),( 11, 2.73 ),( 13, 6.66 ),( 14, 1.40 ),( 17, 4.95 ),( 18, 5.80 ),( 19, 0.07 );
18 ->( 0, 0.77 ),( 1, 6.53 ),( 4, 0.58 ),( 5, 1.36 ),( 7, 1.72 ),( 8, 8.41 ),( 10, 1.13 ),( 12, 7.80 ),( 13, 7.37 ),( 16, 1.25 ),( 17, 6.75 ),( 18, 4.31 ),( 19, 4.78 );
19 ->( 0, 6.59 ),( 1, 4.05 ),( 3, 4.22 ),( 6, 0.53 ),( 7, 3.65 ),( 9, 4.78 ),( 12, 8.92 ),( 13, 8.88 ),( 15, 0.13 ),( 16, 2.04 ),( 17, 6.15 ),( 18, 8.91 ),( 19, 8.69 );.